0000000000000000
0000000000000010
0000000000000100
0000000000000110
0000000000001000
0000000000001010
0000000000001100
0000000000001110
0000000000010000
0000000000010010
0000000000010100
0000000000010110
0000000000011000
0000000000011010
0000000000011100
0000000000011110
0000000000100000
0000000000100010
0000000000100100
0000000000100110
0000000000101000
0000000000101010
0000000000101100
0000000000101110
0000000000110000
0000000000110010
0000000000110100
0000000000110110
0000000000111000
0000000000111010
0000000000111100
0000000000111110
0000000001000000
0000000001000010
0000000001000100
0000000001000110
0000000001001000
0000000001001010
0000000001001100
0000000001001110
0000000001010000
0000000001010010
0000000001010100
0000000001010110
0000000001011000
0000000001011010
0000000001011100
0000000001011110
0000000001100000
0000000001100010
0000000001100100
0000000001100110
0000000001101000
0000000001101010
0000000001101100
0000000001101110
0000000001110000
0000000001110010
0000000001110100
0000000001110110
0000000001111000
0000000001111010
0000000001111100
0000000001111110
0000000010000000
0000000010000010
0000000010000100
0000000010000110
0000000010001000
0000000010001010
0000000010001100
0000000010001110
0000000010010000
0000000010010010
0000000010010100
0000000010010110
0000000010011000
0000000010011010
0000000010011100
0000000010011110
0000000010100000
0000000010100010
0000000010100100
0000000010100110
0000000010101000
0000000010101010
0000000010101100
0000000010101110
0000000010110000
0000000010110010
0000000010110100
0000000010110110
0000000010111000
0000000010111010
0000000010111100
0000000010111110
0000000011000000
0000000011000010
0000000011000100
0000000011000110
0000000011001000
0000000011001010
0000000011001100
0000000011001110
0000000011010000
0000000011010010
0000000011010100
0000000011010110
0000000011011000
0000000011011010
0000000011011100
0000000011011110
0000000011100000
0000000011100010
0000000011100100
0000000011100110
0000000011101000
0000000011101010
0000000011101100
0000000011101110
0000000011110000
0000000011110010
0000000011110100
0000000011110110
0000000011111000
0000000011111010
0000000011111100
0000000011111110
